No	GenomicLocus	uniqID	rsID	chr	pos	p	nSNPs	nGWASSNPs
1	1	1:72837239:C:T	rs7531118	1	72837239	2.151e-08	29	29
2	2	1:73768366:A:C	rs12129573	1	73768366	5.45e-09	188	186
3	3	5:103678705:A:G	rs349586	5	103678705	5.897e-09	30	28
4	3	5:103783801:C:G	rs76025409	5	103783801	2.315e-11	52	47
5	3	5:103917797:C:G	rs1363104	5	103917797	2.602e-10	147	147
6	4	6:26375854:C:G	rs9379871	6	26375854	1.244e-08	158	149
7	4	6:26463574:G:T	rs13195401	6	26463574	2.215e-08	210	192
8	4	6:27158033:A:G	rs6934329	6	27158033	1.416e-09	30	30
9	4	6:27708732:A:G	rs6940116	6	27708732	4.912e-08	69	66
10	4	6:27967089:C:T	rs156743	6	27967089	2.964e-09	410	398
11	4	6:28219270:A:G	rs1736904	6	28219270	4.451e-09	28	26
12	4	6:28262686:A:G	rs6905391	6	28262686	3.468e-11	42	41
13	4	6:28301099:A:G	rs7752448	6	28301099	1.469e-09	362	354
14	4	6:28682442:C:T	rs114702617	6	28682442	2.605e-10	331	320
15	4	6:29375802:C:T	rs137966363	6	29375802	1.315e-09	264	255
16	5	14:42097937:A:G	rs1950829	14	42097937	8.151e-09	94	87
