No	GenomicLocus	uniqID	rsID	chr	pos	p	nSNPs	nGWASSNPs
1	1	2:58889978:A:G	rs1922781	2	58889978	4.396e-08	113	99
2	1	2:58989880:A:G	rs77217059	2	58989880	8.756e-09	4	3
3	2	2:66745864:A:G	rs62144053	2	66745864	8.793e-13	4	3
4	2	2:66792291:C:T	rs6735071	2	66792291	3.314e-08	2	1
5	2	2:66799986:C:T	rs11693221	2	66799986	3.141e-22	5	3
6	2	2:66816983:G:T	rs60751869	2	66816983	2.957e-08	2	2
7	2	2:66962140:A:C	rs11674607	2	66962140	3.541e-08	18	12
8	2	2:66976854:A:G	rs72826719	2	66976854	2.041e-08	1	1
9	2	2:67025545:A:G	rs79545773	2	67025545	8.721e-09	3	3
10	3	2:147484316:G:T	rs55683518	2	147484316	3.551e-08	121	93
11	4	3:117637697:C:T	rs1456193	3	117637697	2.13e-08	115	97
12	5	5:103904108:A:G	rs12658019	5	103904108	2.054e-08	171	129
13	5	5:103964585:A:G	rs77960	5	103964585	1.658e-09	66	45
14	6	6:43185733:A:G	rs6938026	6	43185733	2.718e-09	9	8
15	7	6:105367616:A:T	rs9391253	6	105367616	3.535e-08	51	42
16	7	6:105398086:G:T	rs370771	6	105398086	1.475e-11	68	47
17	8	8:10211788:C:T	rs6984111	8	10211788	4.254e-09	26	22
18	9	11:65969091:C:T	rs72936656	11	65969091	8.037e-09	17	17
19	9	11:66050712:A:G	rs4073582	11	66050712	4.667e-09	16	11
20	10	13:37600284:A:G	rs9576155	13	37600284	9.264e-09	22	17
21	11	13:53704246:A:G	rs2181389	13	53704246	1.091e-10	134	115
22	11	13:53817816:A:G	rs9536375	13	53817816	3.51e-09	70	61
23	11	13:53864444:C:T	rs7140116	13	53864444	3.739e-11	89	79
24	11	13:53888526:A:T	rs6561715	13	53888526	1.709e-12	82	64
25	11	13:53917230:C:T	rs1443914	13	53917230	1.568e-09	74	66
26	11	13:53943333:C:T	rs2813573	13	53943333	4.232e-10	86	64
27	11	13:53984714:A:T	rs9527077	13	53984714	1.652e-09	88	52
28	12	13:59900365:A:G	rs4884332	13	59900365	1.452e-08	6	2
29	13	17:43173131:C:G	rs9899380	17	43173131	5.944e-10	34	30
30	13	17:43176804:C:T	rs2239923	17	43176804	1.025e-09	21	15
31	13	17:43196584:C:T	rs12603813	17	43196584	8.591e-09	2	2
32	13	17:43216281:C:T	rs4986172	17	43216281	5.204e-12	9	6
33	13	17:43226887:A:G	rs12051846	17	43226887	2.465e-09	28	19
34	13	17:43236109:C:T	rs8064386	17	43236109	3.228e-09	13	5
35	14	18:53104253:A:T	rs7228159	18	53104253	4.081e-08	48	38
