No	GenomicLocus	uniqID	rsID	chr	pos	p	nSNPs	nGWASSNPs
1	1	1:60997570:C:T	rs4916068	1	60997570	4e-09	104	82
2	1	1:61105668:A:G	rs2126180	1	61105668	1.621e-09	129	102
3	2	1:163745389:C:T	rs10737496	1	163745389	7.172e-09	89	68
4	3	2:97416153:A:G	rs4619651	2	97416153	4.776e-11	36	27
5	3	2:97500775:A:G	rs78381888	2	97500775	3.049e-09	3	1
6	4	2:166152389:A:G	rs17183814	2	166152389	2.678e-08	3	3
7	5	2:169399768:C:T	rs17202645	2	169399768	2.494e-08	13	10
8	5	2:169481837:C:G	rs13417268	2	169481837	2.054e-08	36	29
9	6	2:193738336:A:T	rs2011302	2	193738336	4.254e-08	77	59
10	7	2:194437889:A:G	rs2719164	2	194437889	4.847e-08	435	334
11	8	3:36856030:C:T	rs9834970	3	36856030	6.634e-19	14	12
12	8	3:36871993:C:T	rs3732386	3	36871993	4.313e-10	49	40
13	8	3:36889621:C:T	rs9985296	3	36889621	4.002e-14	14	13
14	8	3:36952932:C:T	rs6779665	3	36952932	1.295e-12	13	12
15	8	3:36964583:A:G	rs4678915	3	36964583	4.385e-09	14	13
16	9	3:52261031:A:G	rs187084	3	52261031	5.798e-10	18	16
17	9	3:52333671:C:G	rs7622851	3	52333671	1.826e-11	38	31
18	9	3:52624387:G:T	rs73078824	3	52624387	1.026e-09	3	3
19	9	3:52626443:C:T	rs2336147	3	52626443	3.615e-13	367	283
20	9	3:52809193:A:G	rs3755799	3	52809193	2.947e-08	327	255
21	9	3:52869263:A:C	rs2276823	3	52869263	2.149e-12	109	91
22	10	3:70488788:A:T	rs115694474	3	70488788	2.345e-08	79	66
23	11	3:107757060:A:C	rs696366	3	107757060	4.464e-08	46	41
24	12	4:123076007:A:G	rs112481526	4	123076007	1.856e-09	99	75
25	13	5:7542911:A:G	rs28565152	5	7542911	1.963e-09	13	9
26	14	5:78849505:G:T	rs6865469	5	78849505	1.65e-08	12	10
27	15	5:80799198:A:G	rs10068144	5	80799198	3.703e-08	112	91
28	15	5:80961069:A:G	rs6887473	5	80961069	8.814e-09	15	10
29	16	5:137712121:C:T	rs10043984	5	137712121	3.709e-08	18	14
30	17	5:169255522:A:G	rs39824	5	169255522	9.568e-09	12	10
31	17	5:169289206:C:T	rs10866641	5	169289206	2.79e-11	31	28
32	17	5:169320689:A:C	rs261068	5	169320689	1.159e-08	2	2
33	18	6:26173478:G:T	rs34661691	6	26173478	3.135e-11	5	4
34	18	6:26343057:C:G	rs9379850	6	26343057	5.264e-09	2	1
35	18	6:26365679:G:T	rs58825580	6	26365679	1.018e-10	161	139
36	18	6:26463575:G:T	rs13195402	6	26463575	5.751e-15	236	176
37	18	6:26466389:A:G	rs1977199	6	26466389	4.669e-08	3	3
38	18	6:26478825:C:G	rs6926677	6	26478825	6.319e-10	42	30
39	18	6:27139048:C:T	rs6914824	6	27139048	1.837e-11	46	39
40	18	6:27261324:C:T	rs7746199	6	27261324	1.398e-08	8	6
41	18	6:27708732:A:G	rs6940116	6	27708732	4.223e-08	74	65
42	18	6:27710165:A:C	rs17693963	6	27710165	5.836e-14	319	249
43	18	6:28011516:C:T	rs149949	6	28011516	4.197e-09	470	390
44	18	6:28214698:C:T	rs17720293	6	28214698	1.096e-09	468	392
45	18	6:28301195:A:G	6:28301195_A_G	6	28301195	5.541e-10	607	395
46	18	6:28682442:C:T	rs9393925	6	28682442	2.574e-11	364	308
47	18	6:28796460:A:T	rs3132379	6	28796460	3.034e-08	19	16
48	18	6:29346329:A:G	rs9257805	6	29346329	8.501e-09	289	250
49	18	6:29549653:C:G	rs1233393	6	29549653	5.758e-12	281	240
50	18	6:29602936:C:T	rs3130248	6	29602936	3.091e-08	1	1
51	19	6:98421991:C:T	rs4587178	6	98421991	4.382e-08	1	1
52	19	6:98464608:C:G	rs17813294	6	98464608	1.823e-08	8	6
53	19	6:98545611:G:T	rs62422661	6	98545611	3.893e-08	119	90
54	19	6:98565211:C:T	rs1487445	6	98565211	1.484e-15	33	19
55	19	6:98578215:C:T	rs6931604	6	98578215	1.817e-10	18	16
56	19	6:98585502:A:G	rs17814604	6	98585502	5.899e-11	1	1
57	20	6:152793572:A:T	rs4331993	6	152793572	1.979e-08	136	113
58	21	6:166984094:C:T	rs6456095	6	166984094	5.635e-09	13	12
59	21	6:166995260:C:G	rs10455979	6	166995260	4.218e-09	10	8
60	22	7:2020995:A:G	rs12668848	7	2020995	1.902e-09	233	188
61	23	7:11871787:A:G	rs113779084	7	11871787	1.423e-13	20	17
62	23	7:11961138:C:T	rs2355766	7	11961138	1.011e-08	55	40
63	24	7:21492589:A:G	rs6954854	7	21492589	5.936e-10	52	36
64	25	7:24647222:A:G	rs12672003	7	24647222	2.718e-09	72	60
65	25	7:24692552:C:G	rs2721800	7	24692552	1.395e-08	43	34
66	26	7:105043229:A:G	rs11764361	7	105043229	3.471e-09	5	4
67	27	7:131870597:A:C	rs6946056	7	131870597	3.655e-08	14	12
68	28	7:140676153:A:G	rs10255167	7	140676153	1.599e-08	64	47
69	28	7:140684421:C:G	rs73165497	7	140684421	2.372e-08	11	8
70	29	8:9693556:A:T	rs56662938	8	9693556	6.485e-10	61	56
71	29	8:9763581:C:G	rs62489493	8	9763581	2.642e-11	57	52
72	29	8:9787808:C:T	rs661310	8	9787808	1.475e-09	72	42
73	29	8:9881009:C:T	rs17150950	8	9881009	1.459e-09	36	31
74	29	8:9887171:C:G	rs10100074	8	9887171	8.925e-11	53	42
75	29	8:9897344:C:T	rs532928	8	9897344	1.007e-08	25	22
76	29	8:9897946:A:G	rs62488680	8	9897946	2.251e-09	21	17
77	29	8:9979260:A:G	rs28653100	8	9979260	4.308e-10	34	30
78	29	8:10009016:C:T	rs28630503	8	10009016	1.273e-08	3	3
79	29	8:10226355:C:T	rs3088186	8	10226355	2.084e-08	45	38
80	30	8:34152492:A:G	rs2953928	8	34152492	6.249e-09	49	47
81	31	8:144993377:A:G	rs6992333	8	144993377	1.621e-09	160	139
82	31	8:145050358:A:G	rs11786083	8	145050358	2.256e-08	156	130
83	32	9:37090538:C:T	rs10973201	9	37090538	2.449e-08	1	1
84	33	9:141066490:C:T	rs62581014	9	141066490	2.774e-08	35	13
85	34	10:18751103:A:T	rs1998820	10	18751103	4.1e-08	71	57
86	35	10:62123438:C:G	rs61846516	10	62123438	1.532e-11	52	44
87	35	10:62322034:C:T	rs10994415	10	62322034	1.14e-11	9	7
88	36	10:64525135:C:T	rs10761661	10	64525135	4.645e-08	16	14
89	37	10:111648659:C:T	rs2273738	10	111648659	1.627e-11	151	133
90	37	10:111800145:C:T	rs4595478	10	111800145	2.256e-10	185	164
91	38	11:61618608:A:G	rs174592	11	61618608	9.924e-14	60	51
92	38	11:61618831:C:T	rs174593	11	61618831	5.571e-10	18	14
93	39	11:64009879:A:G	rs4672	11	64009879	3.42e-09	5	4
94	40	11:65848738:A:G	rs475805	11	65848738	1.991e-09	176	144
95	40	11:66182417:C:T	rs12577917	11	66182417	3.708e-08	1	1
96	40	11:66324583:C:T	rs678397	11	66324583	5.462e-09	67	55
97	41	11:70517927:A:G	rs12575685	11	70517927	1.243e-10	2	2
98	41	11:70559878:C:T	rs11602121	11	70559878	2.168e-10	38	29
99	42	11:79092527:C:T	rs12289486	11	79092527	3.297e-08	34	30
100	43	12:2288436:C:T	rs10848626	12	2288436	8.4e-12	81	59
101	43	12:2307175:A:C	rs2238051	12	2307175	1.441e-10	2	2
102	43	12:2311836:A:T	rs1860056	12	2311836	1.282e-12	92	73
103	43	12:2338756:A:G	rs68089646	12	2338756	1.834e-08	71	63
104	43	12:2348844:C:G	rs11062170	12	2348844	1.869e-15	102	86
105	43	12:2350401:C:G	rs882195	12	2350401	2.537e-09	7	7
106	43	12:2350620:A:G	rs882193	12	2350620	1.382e-11	1	1
107	43	12:2419896:A:T	rs4765913	12	2419896	7.083e-11	3	3
108	44	13:113869045:A:G	rs35306827	13	113869045	3.555e-09	151	131
109	45	14:99719219:A:G	rs2693698	14	99719219	1.961e-08	5	4
110	46	15:38973793:A:G	rs35958438	15	38973793	3.83e-08	11	9
111	47	15:42844361:C:T	rs2899059	15	42844361	1.243e-08	276	226
112	47	15:42904904:A:C	rs4447398	15	42904904	2.613e-09	13	11
113	47	15:42918141:A:G	rs71474496	15	42918141	2.634e-08	117	102
114	48	15:83531774:A:T	rs62011709	15	83531774	1.433e-08	208	171
115	49	15:85149575:C:T	rs748455	15	85149575	5.011e-11	336	219
116	50	15:91426560:A:G	rs4702	15	91426560	3.518e-09	10	9
117	51	16:9230816:A:G	rs28455634	16	9230816	2.626e-10	9	5
118	51	16:9238382:A:G	rs34015112	16	9238382	6.387e-09	3	3
119	52	16:9926348:G:T	rs7199910	16	9926348	1.663e-08	125	108
120	52	16:9958655:C:T	rs7201930	16	9958655	1.893e-08	216	188
121	53	16:89632725:G:T	rs12932628	16	89632725	6.711e-09	1	1
122	54	17:1835482:C:T	rs4790841	17	1835482	3.141e-08	23	16
123	55	17:38129841:A:T	rs11870683	17	38129841	2.786e-08	66	48
124	55	17:38220432:G:T	rs61554907	17	38220432	1.636e-08	7	5
125	56	17:42191893:G:T	rs228768	17	42191893	2.827e-10	103	86
126	56	17:42281282:G:T	rs4473241	17	42281282	1.695e-09	83	62
127	56	17:42313512:C:G	rs9916444	17	42313512	9.327e-10	46	33
128	57	20:43682551:G:T	rs67712855	20	43682551	4.221e-11	61	40
129	57	20:43723627:C:T	rs734784	20	43723627	3.357e-09	1	1
130	57	20:43760461:A:G	rs6104027	20	43760461	1.932e-10	30	25
131	57	20:43766067:G:T	rs2143943	20	43766067	1.441e-09	16	14
132	57	20:43944323:A:G	rs6032110	20	43944323	1.01e-09	20	16
133	58	20:48033127:C:T	rs237460	20	48033127	4.253e-09	19	17
134	58	20:48075912:C:T	rs579113	20	48075912	2.736e-08	7	7
135	59	20:60865815:A:G	rs13044225	20	60865815	8.498e-09	95	73
136	60	22:41153879:C:T	rs5758064	22	41153879	2.011e-08	64	46
