No	GenomicLocus	uniqID	rsID	chr	pos	p	nSNPs	nGWASSNPs
1	1	1:44086831:C:T	rs1143702	1	44086831	1.447e-08	86	74
2	1	1:44440146:A:G	rs4660761	1	44440146	5.081e-09	61	58
3	2	2:57958349:C:T	rs72618691	2	57958349	1.711e-08	3	1
4	2	2:58089599:C:T	rs66985942	2	58089599	1.114e-10	57	55
5	2	2:58160123:A:C	rs2678884	2	58160123	1.737e-15	210	193
6	2	2:58169950:C:T	rs1568252	2	58169950	3.279e-12	2	2
7	2	2:58197434:G:T	rs12622856	2	58197434	3.78e-09	1	1
8	2	2:58335681:C:T	rs1016771	2	58335681	2.173e-15	85	79
9	2	2:58382490:A:G	rs848293	2	58382490	9.874e-18	31	29
10	2	2:58492345:A:G	rs9789483	2	58492345	5.524e-15	28	28
11	2	2:58497451:C:T	rs6739403	2	58497451	2.086e-12	17	16
12	2	2:58565501:C:T	rs6708046	2	58565501	4.715e-09	2	2
13	3	2:200720420:A:G	rs17590956	2	200720420	6.402e-09	43	38
14	3	2:201010789:A:G	rs1919367	2	201010789	3.431e-08	80	9
15	3	2:201093560:A:G	rs11899350	2	201093560	5.502e-10	26	8
16	3	2:201129831:C:T	rs55726540	2	201129831	4.239e-11	44	40
17	3	2:201135538:C:T	rs67228091	2	201135538	1.624e-12	8	6
18	3	2:201176071:C:T	rs17592552	2	201176071	1.502e-13	40	38
19	3	2:201187316:C:T	rs78681500	2	201187316	4.091e-09	2	1
20	4	3:50291617:A:G	rs9852677	3	50291617	1.263e-08	9	9
21	4	3:50301584:A:G	rs9839427	3	50301584	8.688e-09	1	1
22	4	3:50313527:A:C	rs762705	3	50313527	1.046e-09	8	7
23	4	3:50350376:C:G	rs374528934	3	50350376	3.639e-11	96	78
24	4	3:50357869:A:C	rs709210	3	50357869	1.461e-12	11	10
25	4	3:50370660:A:C	rs80125713	3	50370660	8.979e-09	20	1
26	4	3:50372854:A:T	rs9311449	3	50372854	2.898e-08	109	97
27	4	3:50374293:A:G	rs2073499	3	50374293	1.327e-13	15	12
28	4	3:50420554:A:C	rs2236950	3	50420554	2.33e-09	8	7
29	4	3:50422718:C:G	rs2236952	3	50422718	5.371e-09	1	1
30	4	3:50444816:A:G	rs147507102	3	50444816	1.448e-08	341	1
31	4	3:50504896:A:G	rs2236988	3	50504896	6.095e-11	65	38
32	4	3:50506073:A:C	rs12637870	3	50506073	3.357e-08	4	4
33	4	3:50555471:A:ATT	chr3:50555471	3	50555471	3.183e-08	1	1
34	4	3:50824215:C:T	rs62261860	3	50824215	6.519e-11	9	9
35	4	3:50855518:A:G	rs62258671	3	50855518	5.66e-11	30	28
36	4	3:50915081:T:TTTTTCTTTTC	chr3:50915081m	3	50915081	2.037e-08	129	41
37	4	3:50916956:A:G	rs151017204	3	50916956	9.183e-09	19	14
38	4	3:51301419:C:G	rs117465168	3	51301419	3.205e-08	2	1
39	4	3:51441307:A:G	rs73078636	3	51441307	1.368e-09	5	5
40	5	3:136132705:A:G	rs7620314	3	136132705	3.226e-09	89	74
41	5	3:136137422:A:G	rs10935182	3	136137422	7.082e-10	138	115
42	5	3:136275528:A:G	rs7621308	3	136275528	4.345e-09	92	78
43	6	3:161777076:A:G	rs13090291	3	161777076	1.187e-08	3	3
44	6	3:161831675:A:G	rs4856763	3	161831675	1.728e-10	187	174
45	7	3:180774428:A:G	rs1805645	3	180774428	1.738e-08	10	6
46	7	3:180789970:C:T	rs114056059	3	180789970	3.07e-09	262	230
47	8	4:24270210:C:G	rs6832165	4	24270210	2.791e-08	18	15
48	9	4:176728614:A:C	rs13142920	4	176728614	4.847e-09	4	4
49	10	6:165075210:A:G	rs4479913	6	165075210	1.531e-10	62	60
50	10	6:165075223:C:T	rs9355493	6	165075223	3.078e-08	133	126
51	10	6:165120422:A:G	rs1812595	6	165120422	6.101e-10	27	23
52	11	7:137047137:A:C	rs320696	7	137047137	2.809e-09	59	55
53	12	8:38259481:C:T	rs11986274	8	38259481	1.436e-08	235	201
54	13	8:65315873:A:G	rs115435198	8	65315873	9.721e-09	75	72
55	14	10:104220576:C:T	rs4917968	10	104220576	3.783e-12	7	6
56	14	10:104392497:C:T	rs11191355	10	104392497	1.653e-11	1	1
57	14	10:104400112:C:T	rs10883756	10	104400112	7.604e-10	147	127
58	14	10:104420018:A:G	rs10883761	10	104420018	3.08e-15	84	76
59	14	10:104487443:A:G	rs7917772	10	104487443	1.14e-10	8	6
60	14	10:104534448:A:G	rs1339919	10	104534448	3.544e-11	15	14
61	14	10:104536360:A:G	rs4147157	10	104536360	1.318e-15	4	4
62	14	10:104570118:C:T	rs4919680	10	104570118	1.34e-09	105	91
63	14	10:104585125:A:C	rs4919683	10	104585125	2.69e-08	113	103
64	14	10:104642237:G:T	rs72841270	10	104642237	2.876e-12	3	2
65	14	10:104659018:G:T	rs7909591	10	104659018	3.517e-13	38	31
66	14	10:104661245:C:T	rs17884001m	10	104661245	4.059e-12	154	137
67	14	10:104741114:A:C	rs12260436	10	104741114	4.267e-08	3	3
68	14	10:104849468:A:G	rs3740387	10	104849468	6.024e-11	177	134
69	15	12:108609634:A:G	rs10861879	12	108609634	1.183e-08	8	7
70	16	12:123314952:C:T	rs111589530	12	123314952	5.594e-09	72	61
71	16	12:123328378:C:T	rs76385829	12	123328378	5.756e-09	13	12
72	16	12:123336789:C:T	rs10744422	12	123336789	3.586e-09	93	83
73	16	12:123343927:C:CG	rs3215147	12	123343927	3.548e-08	18	18
74	16	12:123399478:G:T	rs11060725	12	123399478	3.313e-11	17	16
75	16	12:123414349:C:T	rs2270788	12	123414349	4.763e-09	8	7
76	16	12:123453183:C:CT	rs72236025	12	123453183	2.12e-08	1	1
77	16	12:123483426:A:G	rs1984658	12	123483426	8.623e-14	197	177
78	16	12:123492112:C:T	rs3897102	12	123492112	3.004e-13	9	8
79	16	12:123552815:A:C	rs4759403	12	123552815	4.425e-08	1	1
80	16	12:123610388:C:CA	chr12:123610388	12	123610388	5.568e-10	14	12
81	16	12:123644043:C:T	rs61041384	12	123644043	1.13e-13	295	260
82	16	12:123664263:T:TA	rs11380874	12	123664263	2.58e-08	1	1
83	16	12:123670792:A:C	rs11613128	12	123670792	2.75e-10	17	17
84	16	12:123681578:G:GTTT	rs56061451	12	123681578	4.183e-12	69	58
85	16	12:123697258:C:CA	chr12:123697258	12	123697258	6.582e-10	1	1
86	16	12:123759771:G:T	rs183555463	12	123759771	1.493e-09	73	67
87	16	12:123769612:CTTT:CTTTT	rs369541934	12	123769612	4.647e-10	12	5
88	16	12:123772793:C:CAA	rs62724260	12	123772793	1.634e-11	72	68
89	16	12:123801250:C:CT	chr12:123801250	12	123801250	1.516e-11	27	24
90	16	12:123828084:C:CT	chr12:123828084	12	123828084	1.756e-08	1	1
91	16	12:123846276:T:TAA	rs10643086	12	123846276	4.352e-08	1	1
92	16	12:123847315:C:CAAA	rs140153724	12	123847315	1.423e-10	5	4
93	16	12:123898188:A:G	rs28886709	12	123898188	1.885e-08	20	20
94	16	12:123908878:A:AT	chr12:123908878	12	123908878	1.239e-08	1	1
95	17	13:32757913:C:CAA	rs33989876	13	32757913	4.765e-08	6	5
96	17	13:32763757:A:G	rs9567393	13	32763757	1.126e-09	23	23
97	17	13:32785340:C:T	rs2073994	13	32785340	4.834e-08	6	6
98	18	17:1273646:C:T	rs9890128	17	1273646	2.608e-09	2	1
99	19	18:77618869:C:T	rs11662211	18	77618869	3.996e-08	28	25
100	19	18:77633629:A:G	rs56181785	18	77633629	1.103e-10	51	46
101	19	18:77647062:A:G	rs891491	18	77647062	8.643e-09	1	1
102	19	18:77682662:C:T	rs56390815	18	77682662	3.352e-09	1	1
103	19	18:77688124:C:T	rs55642704	18	77688124	3.764e-11	27	25
